0,273
0,270
74,35
3,2
3,1
3,3
10,139
10,183
10,191
10,83
10,237
10,101
10,153
73,6
73,5
73,4
73,3
73,2
10,195
73,1
73,0
66,4
66,3
66,2
66,1
66,0
62,7
11,17
11,5
62,6
62,5
62,4
11,15
62,3
62,1
58,5
58,3
11,21
58,1
55,5
55,4
55,3
11,7
11,2
55,2
11,3
55,1
53,4
53,3
53,2
9,2
53,1
51,4
51,3
8,18
8,17
8,12
51,2
51,1
8,6
8,2
8,3
50,4
50,3
50,2
50,1
48,3
48,2
48,1
17,3
17,2
17,1
16,3
16,2
16,1
15,3
15,2
15,1
14,2
13,2
12,3
12,2
12,1
20,2
20,1
11,27
11,25
20,3
11,24
19,2
19,1
11,23
11,1
19,3
11,19
10,293
10,205
10,171
10,115
10,91
10,1
10,79
10,3
10,2
9,7
9,5
9,3
9,1
18,1
8,14
18,3
14,1
8,13
14,3
13,1
8,11
8,1
13,3
8,10
